101.2 74.8 111.2 88.8 89.3 96.6 AL Anniston
105.1 99.7 107.9 107.1 86.8 96 OH Akron
108.7 74.8 82 96.6 89.8 96.8 GA Albany
105 112.6 101 102.8 111.7 108.6 NY Albany
96 92.7 89.9 97.2 92.9 98.2 LA Alexandria
89.9 89.4 80.4 92.1 95.2 90.8 TX Amarillo
105.5 71 88.2 99.8 103.7 91.3 GA Americus
93.7 104.8 82.3 101.8 98.4 93.7 IA Ames
134.5 142.9 94.1 122 135.7 124.8 AK Anchorage
103.4 77 101.6 92.3 99.7 95.9 SC Anderson
93 81.8 102.3 104.4 104.7 96 WI Appleton
92.9 77.3 84.8 101.3 93.7 89.8 OK Ardmore
94.4 89.4 109.9 98.3 105.4 106.4 TX Arlington
104.6 97.8 113.1 94.2 104.7 100.6 NC Asheville
100.7 72.1 92.1 98.2 88.8 94.2 OH Ashland
96.2 90.7 86.3 99.3 103.3 100.3 GA Atlanta
104.6 90.2 101.3 92.9 88.4 106.5 AL Auburn
104.6 90.2 101.3 92.9 88.4 106.5 AL Opelika
106 79.4 92.1 93.9 101.4 99.4 SC Augusta
89.3 85.1 110.7 100.2 100.3 100.4 TX Austin
107.6 98.4 104.3 111.3 107.2 103.1 CA Bakersfield
110.8 155.4 112.5 105.3 97.9 100 MD Baltimore
100.4 102.2 78.2 90.4 97.7 95.8 LA Baton Rouge
106.9 103.5 114.3 99.6 95.7 106 SC Beaufort
87.1 95.9 92.5 100.4 98.7 98.1 TX Beaumont
114.9 135.9 83.8 113.2 115.3 100.8 WA Bellingham
112.1 174 128.9 102.4 106.3 113.8 NJ Bergen
112.1 174 128.9 102.4 106.3 113.8 NJ Passaic
108.5 184.2 120.6 110.1 104 104.4 MD Bethesda
108.5 184.2 120.6 110.1 104 104.4 MD Gaithersburg
108.5 184.2 120.6 110.1 104 104.4 MD Frederick
92.4 92.6 112.8 104.4 114.3 97.7 NY Binghamton
93.5 73.2 105.7 93.5 87.9 100.3 AL Birmingham
105.9 91.5 70.1 102.6 100.5 99.4 ND Bismarck
91.5 94.9 102.3 91.1 97.5 95.1 VA Blacksburg
98.5 84 99.6 108 106.6 103.3 ID Boise
116.7 152.7 138.6 104.5 123.5 128.6 MA Boston
93.3 78.2 104.3 96.7 95.8 94 KY Bowling Green
107.3 101.8 89.1 101.6 102.4 104 MT Bozeman
106.6 90.2 90.4 101.3 98.8 96.1 FL Bradenton
88.6 71 93.1 95 96.5 91.4 TX Brownsville
91.8 97.4 115.6 104.8 92 87.6 NY Buffalo
93.8 94.6 108.6 98.6 89.9 97.1 IA Burlington
98.6 86 82.3 97.5 102.5 102.5 NC Burlington
112.9 138.7 122.2 102.5 104.6 114.2 VT Burlington
103.4 87.8 107.5 86 93.1 104.3 SC Camden
107.9 87.5 83.7 103 98.7 98.9 FL Cape Coral
107.9 87.5 83.7 103 98.7 98.9 FL Fort, Myers
102.6 86.6 99.3 95.3 96 98.9 NM Carlsbad
102.5 73.9 83.7 97.8 85.5 95.5 UT Cedar City
94.8 79.1 101.6 97.1 94.4 97.5 IA Cedar, Rapids
98.5 90.8 97.1 98.2 100.5 100.7 IL Champaign-Urbana
100.9 127 85.7 122.8 105.8 112.1 NC Chapel Hill
88.8 89.3 96.7 102.9 93.9 92.9 WV Charleston
105.7 92.6 96.6 93.9 104.4 101.5 SC Charleston
97.1 79.5 91.2 95.7 110.3 101.4 NC Charlotte
101.2 122.6 100.8 90.6 94.5 104 VA Charlottesville
97.4 84 82.5 96.4 93.3 95.7 TN Chattanooga
101.7 107.9 96.3 95 98.3 96.5 WY Cheyenne
111.2 134.8 117.3 116.5 108.5 104.4 IL Chicago
96.4 81.9 103.8 98 95.8 98.7 OH Cincinnati
95.2 93.1 92.2 103.8 89.5 95.5 WV Clarksburg
87.9 86 86.5 93.9 98.7 102.3 TN Clarksville
108.1 93.3 109 101.4 104.3 102.1 OH Cleveland
101.6 87.7 103.4 91.9 91.3 92.9 TN Cleveland
95.4 92 86.8 96.2 102.3 92.1 CO Colorado Springs
92.6 81.4 90.4 96.3 96.4 99.1 MO Columbia
105.2 82.3 109 102 106.2 110.6 SC Columbia
91.6 86.2 100.2 99.1 107.7 90.6 OH Columbus
89.4 80.1 96.1 93.8 95 99.7 TX Conroe
97.9 78.8 92 96.6 89.8 84 AR Conway
86.7 71.4 82.9 87.5 87.1 98.2 TN Cookeville
82.4 79.6 113.5 93.3 92.8 96 TX Corpus Christi
86 76.8 100.2 99.9 90.6 90.3 KY Covington
96.2 70.7 105.5 100.9 103.8 100.4 TX Dallas
94.6 74.2 116.4 109.3 95.8 90.7 IL Danville
98.7 98.7 81.4 104.3 97.9 96.8 IA Davenport
98.7 98.7 81.4 104.3 97.9 96.8 IL Moline
98.7 98.7 81.4 104.3 97.9 96.8 IL Rock Island
89.2 74.5 106.1 103.1 93.2 99 OH Dayton
89.1 88.2 92.2 96.7 91.9 93.3 IL Decatur
98.5 74.2 90.6 96.7 85.5 96.6 AL Decatur
98.5 74.2 90.6 96.7 85.5 96.6 AL Hartselle
101 107.5 101.9 95.4 105.9 102.7 CO Denver
90.9 89.6 90.2 95.9 90.8 90.9 IA Des Moines
92.7 95.2 129.5 101.3 94.2 96.6 MI Detroit
90 77.6 85.5 95.6 89.9 98.5 KS Dodge City
100.3 80.1 79.7 91.8 81.7 97.9 AL Dothan
104.1 68.5 97.9 89.3 91.3 96.6 GA Douglas
110.4 90.9 108.8 97.5 103 100.7 DE Dover
98.1 86.5 105.2 99.5 96.5 99.5 IA Dubuque
97.9 86.8 96.3 105.5 108.5 100.6 NC Durham
93.4 73.8 95.2 92.9 86.3 96.7 TN Dyersburg
97.6 90.5 84.8 103.1 105.5 93.5 WI Eau Claire
88.7 82.8 90.2 97.7 94.3 98.9 OK Edmond
99.9 86 88.1 97 95.4 88.5 TX El Paso
91.4 92.7 84.5 99.7 92.8 97.5 IN Elkhart
91.4 92.7 84.5 99.7 92.8 97.5 IN Goshen
103.5 77.4 96.1 99.5 99.5 100.7 OK Enid
96.4 91.1 96 98.4 91.2 88.4 PA Erie
93.8 132.3 85.3 110 118.2 102.9 OR Eugene
97.9 86.3 120 97.1 97.4 96.4 IN Evansville
112 128.1 85.4 110.4 129.1 102.1 WA Everett
127.9 148.5 193.1 118.7 144.9 118.8 AK Fairbanks
99.8 87.4 78.7 95.8 102.4 96.6 ND Fargo
99.8 87.4 78.7 95.8 102.4 96.6 MN Moorhead
101.8 97.1 87.1 96.4 98.6 98.2 NM Farmington
95.3 77.3 99.8 95.2 92.7 100.6 AR Fayetteville
105.1 82.5 92.8 96 117.9 100.1 NC Fayetteville
102.3 77 95.8 100.6 91.2 104.3 OH Findlay
99.3 97.1 140.6 99.9 112.3 98.6 MA Fitchburg
106.6 149.3 92.5 105.5 100 99.5 AZ Flagstaff
96.6 79.6 91 94.5 84.1 96.3 AL Florence
112.5 144 92.5 106.3 102.4 103.7 FL Fort Lauderdale
92.5 74.5 90.5 87.9 87.5 91.7 AR Fort, Smith
89.8 78 106.2 97.6 93.8 96.1 TX Fort, Worth
109.4 177.2 131.9 105 116.1 118.8 MA Framingham
115.8 131.2 123.6 114.5 106.8 105.9 CA Fresno
106.3 101.8 99.2 103.3 92.7 95.5 FL Gainesville
99.7 80 103.1 96.1 97.3 97.2 IL Galesburg
91.2 79.9 86.5 94 89.6 97.5 KS Garden City
105.4 105.9 128 107 97.3 119.3 NY Glens Falls
103.3 169 89 110.9 112 108.7 CO Glenwood Springs
101.9 105.4 86.4 99.1 103.8 93.1 CO Grand Junction
102.7 77.6 100.6 103.7 94.4 90 MI Grand Rapids
88.8 83.5 118.6 100.2 105.9 97.7 WI Green Bay
105.9 84.4 108.5 97.6 113.5 103.3 NC Greenville
102.7 72.9 90.1 97.1 98.2 97.7 SC Greenville
110.6 134.5 85.7 99 97.3 100.6 CO Gunnison
99 95.8 84.8 93 97.4 98.9 LA Hammond
106.6 121.9 108.4 104.1 109.6 108.4 VA Hampton, Roads
81.5 75.8 105.6 88.7 95.2 79.1 TX Harlingen
97.8 91.5 110.5 100.2 93.8 105.1 PA Harrisburg
97.5 96.8 96.8 90.4 100.8 98.6 VA Harrisonburg
120.7 137.8 120.7 109 113 113.5 CT Hartford
103.7 89.1 94 87.6 85.8 95.6 NE Hastings
100.5 74.6 110.3 96.9 95.4 96.2 MS Hattiesburg
92 78.8 92.4 97.5 90.7 94.2 KS Hays
101.1 91.3 92.3 86.5 93.8 93 NC Hickory
111.4 119.8 100.4 101.6 110.7 118.5 SC Hilton Head
160.1 249 146.6 126.2 120 117.9 HI Honolulu
97.3 85.3 95.7 85.6 84.8 102.9 AR Hot Springs
85.1 82 97.7 99.2 94.6 99.9 TX Houston
94.9 78.7 86.1 99.7 92 99.8 AL Huntsville
89 92.3 84.4 96.5 94.2 99.6 KS Hutchinson
99.5 78 84.9 102.1 93.2 96.3 ID Idaho Falls
91.4 73.4 86.7 100.5 93.6 93.1 IN Indianapolis
94.9 97.3 80.1 102.8 95.4 99 IA Iowa City
102.9 104.4 110.4 104.7 106.6 98.1 NY Ithaca
93 94 118.1 92 95.7 96.1 MS Jackson
91.1 74.2 98.9 100 91.5 98.1 TN Jackson
102.8 80 91.9 103.6 94.5 97.3 FL Jacksonville
103.2 88 99.2 97.8 101.2 99.6 NC Jacksonville
95 91.3 99.3 99.3 103.1 98.2 WI Janesville
93.9 78.5 97.6 93.3 95 103.4 MO Jefferson City
92.3 74.4 89.1 91.7 91.5 92.6 TN Johnson City
97.7 79.4 101 101.6 90.4 98.1 PA Johnstown
100.9 102.3 116.1 111.3 106.5 95.2 IL Joliet
97.5 75.1 91.1 88.8 85.9 97.3 AR Jonesboro
92.2 75.9 108.1 91.8 89.5 92 MO Joplin
133.1 165.7 135.1 121.2 144.4 116.1 AK Juneau
95.6 81.3 101.8 99.4 92.5 92.4 MI Kalamazoo
116.3 95.5 82 103.6 104.8 97.8 MT Kalispell
94.8 89.2 99.8 100.8 97.2 105.1 KS Kansas City
94.8 89.2 99.8 100.8 97.2 105.1 MO Kansas City
90.9 85.9 85.1 106.1 109.9 95.2 WA Kennewick
102.5 76.1 108.8 96.7 102.9 99.3 NC Kinston
91.4 82 95.1 84.2 88.4 95.1 TN Knoxville
149.4 127.8 131.9 143.4 130.7 115.4 AK Kodiak
95.6 82.4 116.5 106.2 116.3 102.7 IN Lafayette
93.5 110.1 81.2 104 88.8 97.3 LA Lafayette
99.8 103.4 89.5 97.1 84.4 95.4 LA Lake Charles
107 139.3 95.9 93.5 98 101.7 AZ Lake Havasu City
101.3 118.4 111 99.7 95.1 100.9 PA Lancaster
105.1 102.3 90.5 91.6 97.5 92.7 WY Laramie
103.7 104.4 93.7 99 96.5 99.1 NM Las Cruces
106.8 94.1 97.7 104.9 109 106.2 NV Las Vegas
89.1 96 91.9 96.2 97.5 95.6 KS Lawrence
96.3 87 87.5 106.9 96.2 96.6 OK Lawton
86.9 88.7 93.9 97.6 93.7 97.1 KY Lexington
92.1 97.8 94.3 91.2 90.7 91.7 VA Lexington
101.9 69.8 102.5 100.7 107.7 103.2 OH Lima
92.9 92.2 104.1 94 93.5 100.4 AR Little, Rock
104.7 68.4 85.3 113.6 97.2 113.7 UT Logan
97.1 128.1 91.2 110.7 102.6 104.7 NM Los Alamos
106 207.1 101.7 113.6 109.1 107 CA Los Angeles
106 207.1 101.7 113.6 109.1 107 CA Long Beach
81.6 78.7 99.1 96.9 87.2 91.9 KY Louisville
102.7 79.3 89.6 91.4 100.3 95.7 CO Loveland
90 80.4 74.8 97.6 98.3 97.1 TX Lubbock
87.8 83.4 98.7 94 105.5 98.3 TX Lufkin
90.7 92.7 109.7 88.8 100.1 95.8 VA Lynchburg
102.3 117 124.5 100.1 116.1 125 NH Manchester
92.5 98.7 86.9 99 91.6 94.4 KS Manhattan
93.8 76.5 113.5 103.1 104.3 96.4 MN Mankato
96.8 84.7 90.3 97.1 107.9 101.9 GA Marietta
103.1 87.9 94 89.5 96.3 90.9 NC Marion
95.3 92.2 99.9 96.8 103.6 91.7 WI Marshfield
91.5 82.7 85.9 103.9 99.9 90.6 WV Martinsburg
94 77.6 89.1 82.9 87.6 93.2 VA Martinsville
89.4 73.1 105.6 99.5 94.8 94.2 IA Mason City
79.8 77.6 103.1 92.4 97.9 84.3 TX McAllen
92.7 76.2 86.9 91.5 98.6 95.2 TN Memphis
110.9 107.7 91.9 108.8 105.7 106.2 FL Miami
108.9 154.1 128.6 103.9 108.9 112.2 NJ Middlesex
89.7 89.2 93.4 95.7 98.7 96.6 TX Midland
98.1 112.7 98.6 99.2 108.1 94.8 WI Milwaukee
111.6 116.8 104.7 103.7 105.4 110.4 MN Minneapolis
99.3 95.9 73.5 98.2 91 113.6 ND Minot
110.2 92.2 98.3 102.2 107.2 100.1 MT Missoula
102.7 80.4 104.4 93 86.5 96.7 AL Mobile
95.8 83 89.1 97.5 96 99.3 LA Monroe
102.9 96 108.4 99.6 88 99.1 AL Montgomery
93.9 111.9 89.9 100.7 96.1 97.1 WV Morgantown
91.6 81.5 80.5 93.9 90.1 101.4 TN Morristown
91 80.3 98.5 94.5 87.4 97.6 IN Muncie
94.3 76.2 81 92.7 95.8 96.2 TN Murfreesboro
94.3 76.2 81 92.7 95.8 96.2 TN Smyrna
98 68.3 97.5 80.8 96.7 93.5 OK Muskogee
105.7 78.4 104.5 94.7 100.4 102.4 SC Myrtle Beach
91 83.3 97.7 93.8 102.6 98 TX Nacogdoches
91.7 71.3 82.6 92.5 87.3 104.5 TN Nashville
91.7 71.3 82.6 92.5 87.3 104.5 TN Franklin
117.9 134.9 123.5 106.3 112.7 117.9 CT New Haven
130.6 317.8 165 103 111.5 119.5 NY New York (Brooklyn)
154.3 386.7 169.6 120.3 130.2 145.7 NY New York (Manhattan)
128.3 230.8 172 108.8 118 123.9 NY New York (Queens)
111.6 168.5 129.2 103.9 103.1 113.9 NJ Newark
95.3 88.7 91.6 104 96.6 96.8 OK Norman
116.8 198.8 94.7 113.6 119.9 119 CA Oakland
91.2 88.1 88.8 93.6 96.6 92.4 TX Odessa
92.9 86 88.1 92.6 99.4 96.2 OK Oklahoma City
107.4 102.2 82.1 114.9 120.5 106 WA Olympia
92 79.3 89.9 100 96.8 89.7 NE Omaha
97.8 85.4 108.5 101.8 95.5 104.5 FL Orlando
94.8 75.8 96.5 86.6 90.3 91.3 KY Paducah
111.5 154.2 112.7 110.2 100.8 106.1 CA Palm Springs
93.7 101.5 99.7 108.8 94.5 97.6 FL Panama City
93.6 80 87.4 94.1 94 93 TX Paris
101 84.3 91.4 97.4 91.6 94.6 MS Pascagoula
93.4 95 97.2 101.4 95.8 96.8 IL Peoria
124.9 141.3 135.9 105.8 108.2 119.6 PA Philadelphia
108.1 90.4 96.6 108.9 108.8 104.6 AZ Phoenix
104.1 74.4 97 105.9 90.1 95.8 PA Pittsburgh
115 96.2 161.9 98.9 105 110 MA Pittsfield
101.3 85.2 103.9 101.8 102.9 102.6 TX Plano
98.9 95.1 119.4 105.5 113 95.9 NY Plattsburgh
94.8 76.6 93 94.4 94.4 97 OK Ponca City
101.8 143 102.9 111.8 109.7 105.5 ME Portland
105.8 130.8 87.1 105.8 113.6 105.1 OR Portland
95.2 118.1 91.8 100.3 97.8 99.7 AZ Prescott
113.4 129 129 102.5 113.2 128.1 RI Providence
95 71.5 82.7 86.6 86 91.5 OK Pryor Creek
100.5 71.5 80.1 93.8 94.1 90.1 CO Pueblo
97.4 94.5 95.5 94.2 99.8 95.5 IL Quincy
104.2 88.8 105.6 96.7 101 101.9 NC Raleigh
105.4 101.5 91.2 107.3 101.8 100 NV Reno
83.3 84.6 106.4 98.4 95.1 91.7 IN Richmond
103.6 103.2 113.9 100.8 112.6 103.2 VA Richmond
92 90.5 88.6 94.7 100.2 101.8 NM Rio, Rancho
104.9 136.3 99.9 113.4 104.4 99.1 CA Riverside
89.7 92.2 104.1 91.1 97.9 94.8 VA Roanoke
89.6 91.1 104.8 106.3 109.5 105 MN Rochester
94.6 94.2 114.4 108.7 99.7 100.2 NY Rochester
92.6 74.7 111.2 105.8 103.3 96.8 IL Rockford
105.6 82.9 104.3 97.5 101.2 99.9 NM Roswell
81.9 78 107 87.6 96.6 97.6 TX Round Rock
114.7 135.7 109.6 114.4 110.8 102.8 CA Sacramento
86.9 76 87 94.7 94.9 93.1 KS Salina
100.1 108 72.5 102.1 98.8 102.9 UT Salt Lake City
89.3 84 106 97.6 96.7 94.9 TX San, Angelo
84.9 95.3 82.8 100.7 99.9 102.2 TX San Antonio
105.5 194.4 101.9 113.1 111.5 105.8 CA San Diego
111.9 281 94.5 113 117 124.3 CA San Francisco
115.3 260.3 137.2 114 119 103.6 CA San Jose
88.7 100.1 86.8 90.1 92.6 96.8 TX San Marcos
107.7 102.9 97.4 102.5 105.2 98.1 FL Sarasota
94.7 84 94 98.4 99 99.1 GA Savannah
115.1 140.3 85.7 118.8 119.9 119.1 WA Seattle
90.7 78.5 103.8 95.6 96.9 95.1 TX Seguin
94.3 97.5 117.3 105.9 105.5 100.8 WI Sheboygan
95.2 93.5 89.4 93.4 93.1 99.6 LA Shreveport
96.5 99.7 97.2 104 96.1 95.5 AZ Sierra Vista
91.5 86.6 101.6 86.9 102.2 100.6 SD Sioux Falls
95.1 101 82.2 96.2 93.4 99.4 LA Slidell
91.3 84.2 92.3 95.4 96.3 97.3 IN South Bend
92.4 85.7 89.5 109.1 110 96.5 WA Spokane
89.7 70.1 79.8 104.5 106.5 91.7 IL Springfield
93.2 76.8 83.2 96.8 95.3 93.8 MO Springfield
101.7 80.7 117.2 99.9 102 105.8 MN St. Cloud
99.9 94.2 85.9 100.4 87.8 98.4 UT St. George
95.4 86.5 93.7 90.1 94.9 96 MO St. Joseph
98.4 74.6 92.9 99 100.8 96.5 MO St. Louis
107 112.9 106.8 103.4 106.7 112.2 MN St. Paul
121.8 212.6 121.3 110 113.3 122.1 CT Stamford
98.3 93.7 100 94.5 98.1 96.6 VA Staunton
95.5 81.2 97.9 88.8 95.7 93.1 OK Stillwater
103.4 90.2 108.4 97.8 91.3 95.3 SC Sumter
98.6 91.4 118.4 108.3 97.8 104.8 NY Syracuse
111.3 116.6 83.1 109 115.1 110.2 WA Tacoma
96.3 84.7 93.8 103.3 98.4 93.4 FL Tampa
83.7 71.8 107.6 97.9 91.2 92.8 TX Temple
105.5 77.2 80.7 88.8 109.1 93.5 NC Thomasville
92.9 84 85.8 97.4 93.2 98.1 KS Topeka
96.4 83.9 123.3 99.2 89.2 96.2 OH Troy
132.2 208.3 114.3 121.5 112 120.5 CA Truckee
97.2 91.9 86.7 104.6 99.2 100.5 AZ Tucson
91.9 66.5 95.2 99.1 94.6 100.5 OK Tulsa
91.1 72.3 110.1 93.8 86.6 92.7 MS Tupelo
104.9 80.6 105.9 102.8 90.2 97.4 AL Tuscaloosa
95.5 81.4 97 99.2 93.3 94.6 ID Twin Falls
92.7 91.5 102.1 100.2 93.1 99.3 TX Tyler
111.8 85.3 89 96.7 102.2 94.5 GA Valdosta
96.9 82.2 91.8 106.1 114.3 100.1 WA Vancouver
109.1 83.5 104.5 97.8 97.7 102.5 FL Vero Beach
81.8 88.5 85.3 97.6 90.9 90.5 TX Waco
107.9 226.4 97.3 109.3 103.4 103.7 DC Washington
107.9 226.4 97.3 109.3 103.4 103.7 VA Arlington
107.9 226.4 97.3 109.3 103.4 103.7 VA Alexandria
89.5 89.6 88.2 99.4 95.9 92.8 IA Waterloo
89.5 89.6 88.2 99.4 95.9 92.8 IA Cedar Falls
100 89.6 98.4 97.5 101.3 99.7 WI Wausau
95.9 79.7 107.4 96.2 93.1 93.3 TX Weatherford
91.9 84 84.4 82.5 94.5 87.4 TX Wichita Falls
90.5 83.6 89.7 100.6 96.7 97.1 KS Wichita
103.5 96.3 127.7 91.8 92.6 98.9 PA Williamsport
108.1 102 115.4 98.6 108.7 105.2 DE Wilmington
108 89.7 108.5 97.6 100.1 100.3 NC Wilmington
104.6 94.5 98.2 96.8 105 110.9 WV Winchester
98.5 82.9 88.5 83.3 99.3 101.5 NC Winston-Salem
99.5 72.1 123.4 103 94.6 95.2 OH Wooster
99.8 86.9 86.8 105.5 117.1 99.2 WA Yakima
92.6 77.7 110.2 92.4 86.9 94.4 OH Youngstown
107.4 96.4 112.2 104.6 107.8 97.6 AZ Yuma